# x y yerr
1.020017458901795848e+01 3.259000000000000000e+03 5.708765190476833595e+01
1.060016858227982972e+01 3.273000000000000000e+03 5.721013896155120904e+01
1.100016257554169918e+01 3.372000000000000000e+03 5.806892456383189938e+01
1.140015656880356865e+01 3.434000000000000000e+03 5.860034129593444874e+01
1.180015056206543989e+01 3.457000000000000000e+03 5.879625838435639906e+01
1.220014455532730935e+01 3.670000000000000000e+03 6.058052492344383921e+01
1.260013854858917881e+01 4.027000000000000000e+03 6.345864795282042792e+01
1.300013254185105005e+01 4.688000000000000000e+03 6.846897107449476039e+01
1.340012653511291951e+01 5.968000000000000000e+03 7.725283166331186635e+01
1.380012052837479075e+01 7.219000000000000000e+03 8.496469855181032926e+01
1.420011452163666021e+01 9.010000000000000000e+03 9.492101980067428713e+01
1.460010851489852968e+01 1.110800000000000000e+04 1.053944970100431817e+02
1.500010250816040092e+01 1.313700000000000000e+04 1.146167527022119117e+02
1.540009650142227038e+01 1.457900000000000000e+04 1.207435298473587011e+02
1.580009049468413984e+01 1.496100000000000000e+04 1.223151666801791180e+02
1.620008448794601108e+01 1.441600000000000000e+04 1.200666481584290750e+02
1.660007848120788054e+01 1.325400000000000000e+04 1.151260179108093666e+02
1.700007247446975001e+01 1.129700000000000000e+04 1.062873463776380163e+02
1.740006646773161947e+01 9.341000000000000000e+03 9.664884893261792342e+01
1.780006046099349248e+01 7.474000000000000000e+03 8.645229898620394238e+01
1.820005445425536195e+01 5.937000000000000000e+03 7.705193054038295486e+01
1.860004844751723141e+01 4.902000000000000000e+03 7.001428425685718082e+01
1.900004244077910087e+01 4.106000000000000000e+03 6.407807737440317908e+01
1.940003643404097033e+01 3.766000000000000000e+03 6.136774397026503181e+01
1.980003042730284335e+01 3.455000000000000000e+03 5.877924803874238080e+01
2.020002442056471281e+01 3.331000000000000000e+03 5.771481612203230327e+01
2.060001841382658228e+01 3.535000000000000000e+03 5.945586598477899543e+01
2.100001240708845174e+01 3.413000000000000000e+03 5.842088667591411877e+01
2.140000640035032120e+01 3.328000000000000000e+03 5.768882040742382600e+01
2.180000039361219422e+01 3.283000000000000000e+03 5.729746940310715075e+01
