# x y yerr
1.020008307491732502e+01 3.377000000000000000e+03 5.811196090307054618e+01
1.060007876597886423e+01 3.379000000000000000e+03 5.812916651733448248e+01
1.100007445704040165e+01 3.352000000000000000e+03 5.789645930452051203e+01
1.140007014810193908e+01 3.347000000000000000e+03 5.785326265648291155e+01
1.180006583916347651e+01 nan nan
1.220006153022501572e+01 3.378000000000000000e+03 5.812056434688155804e+01
1.260005722128655314e+01 3.531000000000000000e+03 5.942221806698231745e+01
1.300005291234809235e+01 3.917000000000000000e+03 6.258594091327540099e+01
1.340004860340962978e+01 4.371000000000000000e+03 6.611353870426238188e+01
1.380004429447116721e+01 5.148000000000000000e+03 7.174956445860838983e+01
1.420003998553270641e+01 6.459000000000000000e+03 8.036790404135223298e+01
1.460003567659424384e+01 8.006000000000000000e+03 8.947625383307014602e+01
1.500003136765578127e+01 9.723000000000000000e+03 9.860527369263775199e+01
1.540002705871732047e+01 1.148200000000000000e+04 1.071540946487813812e+02
1.580002274977885790e+01 1.301700000000000000e+04 1.140920680853844402e+02
1.620001844084039533e+01 1.435500000000000000e+04 1.198123532862951492e+02
1.660001413190193276e+01 1.459000000000000000e+04 1.207890723534211048e+02
1.700000982296347019e+01 1.382500000000000000e+04 1.175797601630484763e+02
1.740000551402501117e+01 nan nan
1.780000120508654859e+01 nan nan
1.819999689614808602e+01 8.915000000000000000e+03 9.441927769264071912e+01
1.859999258720962345e+01 7.111000000000000000e+03 8.432674546073742761e+01
1.899998827827116088e+01 5.829000000000000000e+03 7.634788798650555464e+01
1.939998396933270186e+01 4.713000000000000000e+03 6.865129277733959157e+01
1.979997966039423929e+01 4.136000000000000000e+03 6.431174076325410738e+01
2.019997535145577672e+01 nan nan
2.059997104251731415e+01 nan nan
2.099996673357885157e+01 3.436000000000000000e+03 5.861740355901137889e+01
2.139996242464039256e+01 3.438000000000000000e+03 5.863446085707619204e+01
2.179995811570192643e+01 3.331000000000000000e+03 5.771481612203230327e+01
